10190 48,1 1,5 18 64 7381 120,8 76,9 53,5 4,2 12,5 984 13,4 103 3,002 6,553 3,315 0,083 1,08 0,82 3,063 3,033
11263 54,1 1,17 21,6 32,3 4920 94,1 12,2 43,1 3,8 15,5 766 8,7 164 1,408 1,854 2,483 0,156 0,803 0,546 1,21 2,563
15139 60,2 5,68 23,5 60,2 7282 135,7 18,5 99,1 11,6 19,5 1360 13,8 267 3,741 2,419 6,334 0,087 1,89 0,482 2,777 3,11
0 0 0 0 0 0 0 0 0 0 0 0 0 0 0 0 0 0 0 0 0 0
21332 64,2 1,06 28,6 38,3 5515 108,5 11,9 90,3 4,4 15,5 967 11,2 180 1,736 2,278 2,324 0,041 2,017 0,379 1,38 2,213
22129 69,2 2,09 27,9 40,3 5530 101,3 22,2 82 3,5 23,1 1298 10,1 141 1,061 2,283 2,845 0,063 0,39 0,403 0,857 2,627
17655 57,5 0,88 20,9 22,1 3316 59,9 12,7 35,9 2,5 8,7 547 7,1 119 1,591 2,044 3,026 0,108 0,907 0,44 1,183 2,23
15810 48,4 1,39 18,5 45,9 6766 129,3 21,2 61,6 2,3 12 911 12,2 107 1,293 2,297 3,297 0,073 0,62 0,435 1,623 2,42
0 0 0 0 0 0 0 0 0 0 0 0 0 0 0 0 0 0 0 0 0 0
0 0 0 0 0 0 0 0 0 0 0 0 0 0 0 0 0 0 0 0 0 0
0 0 0 0 0 0 0 0 0 0 0 0 0 0 0 0 0 0 0 0 0 0
16425 43,1 1,58 16,7 61,7 6303 118,4 30,3 58 4,3 22,3 1091 13,7 111 2,421 2,634 2,65 0,1 0,293 0,389 1,693 2,563
12443 45,9 1,07 22,2 28,4 4495 87,5 9,9 93,1 3,4 15,9 660 9,1 236 0,834 2,173 3,058 0,055 0,55 0,487 1,443 2,36
20818 68,4 0,91 29 20,1 2942 48,1 6,8 78,6 1,7 8,3 378 5,4 168 0,735 2,285 2,339 0,042 0,533 0,422 0,66 2,503
0 0 0 0 0 0 0 0 0 0 0 0 0 0 0 0 0 0 0 0 0 0
0 0 0 0 0 0 0 0 0 0 0 0 0 0 0 0 0 0 0 0 0 0
17446 40,7 1,41 28,9 65,7 7306 143,6 18,4 40,1 4,2 8,2 1102 15,9 102 1,391 1,686 2,688 0,043 0,713 0,535 0,877 7,357
0 0 0 0 0 0 0 0 0 0 0 0 0 0 1,209 2,131 3,101 0,047 0,457 0,362 0,78 1,703